#Base	G	A	T	C
1	21.842383419542504	28.46166340062466	24.83116856582471	24.86478461400813
2	25.612025758530237	29.886686271833064	26.07300336196036	18.42828460767634
3	21.20508475721393	27.30078277714898	28.698816449844028	22.795316015793063
4	22.617234609710387	26.635939937523684	27.173114245367287	23.57371120739864
5	23.610582899038793	26.938980201363037	27.287943570163954	22.162493329434213
6	23.30571462345665	27.006573511060477	26.2333053772918	23.45440648819107
7	24.342228301220935	27.035194383810186	26.3996211726446	22.222956142324275
8	22.79032312395563	27.316219054552327	27.11119903243315	22.782258789058897
9	22.836745993844513	26.499931203976413	27.45878461731933	23.204538184859743
10-14	23.298266073960132	27.213146911700388	26.490745211102322	22.997841803237158
15-19	23.252646841863264	27.18967106418867	26.424749648929115	23.132932445018948
20-24	23.378884573876967	27.056351574697178	26.37177173212916	23.192992119296697
25-29	23.50046984564108	27.017885118302328	26.282374463010704	23.199270573045887
30-34	23.51697579589955	26.91210670404443	26.203681911550085	23.36723558850593
35-39	23.59657793934512	26.954048139540454	26.15502650259589	23.294347418518534
40-44	23.63922656268255	26.91469585225817	26.10988959677235	23.33618798828693
45-49	23.61560395615575	26.88485491348945	26.112345599291466	23.38719553106334
50-54	23.632654201522193	26.889766003840393	26.097242004483096	23.38033779015431
55-59	23.66526095745796	26.91617460056004	26.072387774965932	23.346176667016067
60-64	23.627152469177084	26.85434990913552	26.067436947033286	23.45106067465411
65-69	23.65195281131568	26.90051069176776	26.090305353414596	23.357231143501966
70-74	23.704444809992847	26.90613514823468	26.04240892730728	23.347011114465193
75-79	23.654057852680022	26.88476991436038	26.05623081002039	23.404941422939213
80-84	23.674059727314738	26.88515618995081	26.061506759436366	23.379277323298084
85-89	23.710549925796563	26.918647152654106	26.03713853547302	23.333664386076308
90	23.580847758987645	26.783170259260913	26.09556070199268	23.54042127975876