#Base	G	A	T	C
1	20.98207234837765	28.196940983223406	25.398965929508417	25.422020738890527
2	25.345652701354542	30.199736957112833	25.51281038637073	18.94179995516189
3	21.062246506231293	27.16479367862125	28.4068431015654	23.36611671358206
4	22.58873895038493	25.776737666882177	27.269876324272158	24.364647058460736
5	23.391376057040464	26.27534149061126	27.779510611325435	22.553771841022844
6	23.06229620151744	26.24604978322673	26.68456169679545	24.007092318460376
7	24.081643035534494	26.202885219452536	27.08786713156949	22.627604613443484
8	22.450689636434966	26.584253679918213	27.82778551070172	23.137271172945102
9	22.535280314897737	25.7262285632122	28.166111633469914	23.57237948842015
10-14	23.030827560856245	26.42483250484235	27.20292899985631	23.341410934445094
15-19	22.956768931006817	26.38205719643723	27.190689485401432	23.47048438715452
20-24	23.10050735829003	26.263742627953025	27.121654533930084	23.514095479826857
25-29	23.222326273702176	26.219464905421177	27.004246465898447	23.553962354978204
30-34	23.25838742966599	26.1160074590282	26.922959218755054	23.70264589255075
35-39	23.306267518861112	26.16573757494156	26.8958960360721	23.632098870125226
40-44	23.365174326319636	26.119228885957025	26.847026710612994	23.66857007711035
45-49	23.348617654629308	26.081549369384355	26.84497448770814	23.724858488278198
50-54	23.36779833793134	26.0774329701145	26.840876814930624	23.71389187702354
55-59	23.392514366975025	26.10017410767449	26.81967820740054	23.687633317949945
60-64	23.35149422455695	26.031287639846106	26.819824981639805	23.797393153957138
65-69	23.37931342672316	26.08095558848899	26.83949005550949	23.700240929278355
70-74	23.433446606212904	26.070847637264077	26.800592909761857	23.695112846761166
75-79	23.405745439160707	26.038043863275597	26.81726667151867	23.73894402604503
80-84	23.429528440408948	26.032984372211683	26.830487248621935	23.706999938757438
85-89	23.477959686181926	26.049987945106412	26.79523717208861	23.676815196623046
90	23.355199908039584	25.911757949023784	26.86945594236035	23.863586200576282
